def checkio(field):

    return [False, 1, 1]

if __name__ == '__main__':
    #These are just examples
    checkio([
        [-1, -1, -1, -1, -1, -1, -1, -1, -1, -1],
        [-1, -1, -1, -1, -1, -1, -1, -1, -1, -1],
        [-1, -1, -1, -1, -1, -1, -1, -1, -1, -1],
        [-1, -1, -1, -1, -1, -1, -1, -1, -1, -1],
        [-1, -1, -1, -1, -1, -1, -1, -1, -1, -1],
        [-1, -1, -1, -1, -1, -1, -1, -1, -1, -1],
        [-1, -1, -1, -1, -1, -1, -1, -1, -1, -1],
        [-1, -1, -1, -1, -1, -1, -1, -1, -1, -1],
        [-1, -1, -1, -1, -1, -1, -1, -1, -1, -1],
        [-1, -1, -1, -1, -1, -1, -1, -1, -1, -1],
        ])  # [False, 1, 1]
    checkio([
        [0, 2, -1, -1, -1, -1, -1, -1, -1, -1],
        [0, 2, -1, -1, -1, -1, -1, -1, -1, -1],
        [0, 1, 1, 1, -1, -1, -1, -1, -1, -1],
        [0, 0, 0, 1, -1, -1, -1, -1, -1, -1],
        [0, 1, 1, 2, -1, -1, -1, -1, -1, -1],
        [0, 1, -1, -1, -1, -1, -1, -1, -1, -1],
        [0, 1, -1, -1, -1, -1, -1, -1, -1, -1],
        [2, 1, -1, -1, -1, -1, -1, -1, -1, -1],
        [-1, -1, -1, -1, -1, -1, -1, -1, -1, -1],
        [-1, -1, -1, -1, -1, -1, -1, -1, -1, -1],
        ])  # [True, 1, 3]
